2880
46
45
53
17
16
32
2
44
51
49
31
54
45
35
21
53
19
18
51
57
31
54
45
35
46
11
20
18
15
44
47
37
12
28
33
59
2
32
16
30
25
48
58
17
14
8
23
27
6
1
21
50
34
5
36
49
38
52
55
19
46
45
57
11
22
54
31
53
41
15
20
51
40
11
22
54
31
46
49
15
35
26
33
47
44
4
21
12
18
2
28
9
33
59
37
45
19
16
56
32
39
53
42
57
25
17
58
48
30
46
49
51
14
20
1
45
27
23
8
35
6
51
21
50
34
5
20
17
1
53
31
32
36
19
18
47
38
11
52
44
55
54
15
2
12
57
28
46
49
45
3
43
37
59
25
40
13
33
21
41
3
43
16
46
57
25
40
13
24
19
32
31
35
30
58
48
12
15
54
14
11
17
22
18
53
20
26
51
8
27
23
6
47
4
21
50
34
5
44
2
49
45
28
16
46
38
9
1
52
36
37
59
35
32
19
38
31
1
52
17
56
55
44
46
39
45
33
53
42
54
21
49
44
57
2
11
16
53
30
58
48
25
18
49
15
45
14
46
17
47
20
41
60
31
12
19
32
28
8
27
23
51
6
35
59
37
21
50
34
5
2
46
45
54
57
40
44
16
51
22
10
32
18
33
11
45
36
46
2
51
26
32
18
20
17
15
49
25
58
30
55
1
21
4
38
48
19
53
52
12
47
28
14
29
31
57
35
54
44
16
9
11
6
51
2
45
37
59
8
27
23
17
11
6
51
2
33
56
21
50
34
5
17
46
16
41
15
39
20
44
54
35
18
42
3
57
43
31
28
49
24
19
47
36
12
48
30
25
32
58
40
13
38
51
21
45
22
46
52
53
14
32
38
55
37
59
44
1
52
19
49
17
16
11
26
20
15
33
8
27
23
31
18
2
57
54
47
45
35
4
21
50
34
5
46
6
47
53
51
12
44
28
11
58
9
49
46
45
2
17
25
28
11
58
9
48
41
30
16
19
36
37
32
59
31
20
21
14
15
54
51
53
18
35
33
57
44
45
49
27
46
1
56
22
55
40
17
23
8
27
39
2
38
22
12
32
19
52
42
47
57
51
21
50
34
5
6
35
18
53
54
31
16
25
15
20
59
28
26
37
48
11
30
44
45
49
46
17
4
58
16
33
51
19
14
32
2
36
21
4
44
51
17
46
49
45
16
41
60
12
44
11
47
54
53
57
1
3
8
23
43
37
31
28
20
55
15
35
25
27
38
24
18
6
21
50
34
5
9
59
40
19
13
32
2
48
33
30
52
46
45
49
16
51
58
53
54
44
12
17
22
14
16
56
10
47
31
19
57
11
21
46
35
39
36
45
32
19
57
11
18
20
26
42
49
45
15
46
8
28
31
16
23
1
2
59
27
25
41
37
53
51
33
48
6
55
21
50
34
5
38
44
30
32
35
54
47
12
4
58
17
49
46
45
19
40
2
14
52
57
29
20
18
28
19
40
45
15
11
17
32
20
21
37
31
28
45
46
49
17
32
36
9
37
31
59
16
22
8
54
51
53
45
2
33
35
44
23
1
27
25
47
11
18
57
48
12
30
21
50
34
5
58
6
56
15
26
55
38
41
46
49
31
16
43
14
39
52
2
53
3
54
31
19
43
32
17
52
42
46
33
59
28
20
21
19
45
53
35
49
33
51
24
44
47
37
4
8
36
2
16
18
25
13
15
57
11
23
48
27
40
30
12
1
32
17
46
54
6
58
21
50
34
5
22
45
51
44
55
59
49
20
14
46
35
16
9
38
55
19
44
59
31
45
17
53
57
47
32
19
41
28
37
60
2
11
21
51
33
54
26
18
46
15
36
56
25
8
52
2
45
16
49
48
36
56
30
23
35
27
12
20
32
53
58
57
31
17
1
39
44
6
21
50
34
5
51
46
45
14
47
54
11
42
4
40
49
28
38
18
37
59
31
16
15
33
49
46
38
51
53
22
31
32
2
35
25
19
21
55
20
41
57
46
45
12
7
10
17
8
16
41
48
30
11
44
58
23
52
27
9
54
47
3
53
51
49
15
18
28
14
1
36
26
21
50
34
5
43
59
37
33
6
2
32
35
19
57
46
20
45
17
25
24
31
54
51
16
57
19
12
32
25
2
13
54
56
51
53
40
21
49
47
44
11
48
56
38
30
8
55
4
39
18
58
28
15
23
22
27
46
45
17
35
20
37
59
52
42
33
31
16
36
14
1
29
21
50
34
5
51
2
41
6
53
12
46
49
32
54
45
57
18
11
19
25
16
15
26
17
47
57
46
18
9
25
16
15
26
35
32
48
21
30
31
44
20
28
58
8
32
51
53
33
59
37
38
23
45
27
19
55
54
2
49
40
46
45
17
12
14
51
11
44
35
16
57
52
21
50
34
5
47
6
1
22
36
45
31
53
4
51
46
17
18
49
2
15
60
54
20
19
32
41
30
39
3
56
25
48
59
33
58
28
21
44
45
37
46
8
2
11
43
42
16
12
45
23
53
27
2
35
31
57
16
38
47
14
44
32
19
18
55
17
24
20
54
51
9
26
21
50
34
5
6
13
46
32
15
52
40
25
49
36
45
53
1
32
11
28
33
25
59
30
48
37
31
35
2
12
58
16
22
57
41
17
21
19
47
8
46
44
18
57
41
17
20
23
4
27
49
45
16
53
14
54
28
11
44
46
10
19
16
35
38
31
28
11
32
51
15
55
21
50
34
5
6
56
39
45
2
53
49
37
12
33
48
30
59
52
36
1
47
17
25
58
46
18
42
54
51
20
49
45
19
40
26
44
21
8
2
31
9
16
19
57
26
23
35
27
46
14
18
53
2
45
51
54
32
22
11
17
18
53
15
47
59
33
12
3
37
28
38
41
21
50
34
5
49
20
6
57
30
48
55
4
43
25
46
44
58
45
51
31
57
17
1
36
16
52
53
51
45
46
57
35
54
11
19
8
21
53
20
15
32
24
54
23
14
27
2
49
29
28
37
12
13
33
47
56
40
39
45
16
59
17
31
18
46
2
35
51
44
25
48
30
21
50
34
5
6
38
42
60
58
22
9
45
11
53
26
1
47
19
46
55
15
18
31
17
16
1
47
19
36
49
41
20
8
52
12
32
21
28
14
23
54
57
37
27
2
33
59
45
4
46
44
35
53
16
25
15
58
30
48
6
11
51
17
53
46
16
45
25
15
58
30
48
21
50
34
5
6
17
2
40
31
46
53
57
51
11
38
35
44
49
59
18
33
28
37
14
32
12
47
20
55
8
36
19
56
22
3
39
21
27
1
23
54
52
16
45
2
17
26
49
51
41
31
9
43
57
2
45
18
35
17
25
42
10
46
15
30
51
2
45
18
35
25
10
21
50
34
5
30
28
16
47
49
58
54
37
4
33
59
11
24
53
44
38
6
48
46
57
31
20
8
13
32
14
40
45
12
17
23
19
21
55
36
27
44
1
15
45
16
46
54
49
28
52
51
44
2
57
45
53
54
47
28
18
51
22
49
37
46
57
31
35
41
45
20
58
21
50
34
5
49
37
26
16
30
56
33
2
12
48
25
39
17
6
59
11
53
15
9
46
32
44
14
54
38
51
35
8
18
27
32
23
21
14
54
31
47
42
36
19
1
16
55
57
4
17
2
20
49
40
45
28
46
52
44
53
51
3
59
2
16
33
60
58
11
15
12
3
21
50
34
5
59
25
19
48
31
32
18
35
30
37
22
41
45
57
6
17
43
54
46
44
29
47
53
51
20
8
45
14
49
23
27
38
21
51
26
28
45
53
46
14
32
11
2
1
36
19
12
15
33
16
44
55
54
17
56
57
58
31
35
24
9
52
39
18
25
48
59
13
21
50
34
5
40
20
47
45
46
31
30
32
4
44
19
51
49
6
16
31
30
11
42
28
57
37
17
8
54
15
53
23
33
2
41
12
21
27
45
22
46
44
38
36
20
19
16
49
32
1
14
44
58
36
20
19
53
47
18
25
46
35
45
2
55
48
53
57
11
51
26
52
21
50
34
5
59
31
6
28
51
15
49
37
32
17
46
31
6
54
7
45
16
12
33
30
2
8
44
40
10
23
35
18
19
27
9
56
21
32
49
11
47
20
57
53
14
39
58
25
4
38
3
17
1
41
46
45
16
15
48
51
43
49
59
28
22
19
2
31
36
37
55
42
21
50
34
5
35
44
33
12
54
52
46
45
53
51
18
32
30
17
20
11
16
47
53
8
57
6
15
23
45
11
26
46
49
27
51
19
21
15
24
58
14
25
49
45
51
31
2
28
59
13
40
48
54
60
17
37
38
1
16
44
35
46
9
18
33
53
20
32
47
12
36
41
21
50
34
5
9
46
2
19
57
30
55
4
56
49
32
35
52
22
45
17
54
8
51
6
39
23
16
28
25
58
27
11
15
59
31
14
21
46
45
2
20
37
18
44
48
49
53
17
19
33
57
26
12
46
45
47
42
54
17
19
1
57
26
38
45
16
51
54
32
30
40
29
21
50
34
5
49
44
36
11
35
53
2
15
18
20
31
28
8
3
55
41
59
25
23
6
58
52
46
37
43
27
14
45
19
47
33
12
21
48
44
49
17
16
22
54
51
2
11
15
4
46
53
35
32
54
51
44
45
11
46
15
9
56
57
1
17
44
45
30
28
18
38
39
21
50
34
5
20
49
59
53
2
16
12
36
37
24
47
19
31
8
25
33
58
23
6
40
13
14
35
27
55
32
48
51
52
26
46
57
21
42
41
19
45
2
49
10
17
11
44
46
31
19
45
54
20
15
53
28
18
22
46
31
30
57
51
32
59
35
1
22
47
16
37
12
21
50
34
5
33
38
2
54
44
25
17
51
4
49
53
8
36
54
58
23
14
6
11
48
46
27
55
2
32
20
9
19
15
16
18
49
21
55
56
28
60
52
44
31
39
49
45
57
17
59
40
44
53
30
39
35
3
41
37
51
47
33
16
46
12
26
19
32
43
1
11
25
21
50
34
5
2
54
45
49
20
18
15
58
38
8
31
14
48
23
42
57
6
36
28
27
17
59
51
44
45
53
22
54
46
19
16
59
21
51
44
2
11
47
32
12
37
33
30
35
4
52
24
49
46
45
17
57
20
55
31
15
24
49
18
25
32
2
44
58
1
40
9
13
21
50
34
5
41
51
19
28
53
48
14
8
16
46
23
56
45
35
6
38
54
27
47
49
11
26
36
57
17
37
12
33
31
59
20
53
21
2
46
30
18
45
15
39
32
22
53
16
29
51
2
46
45
19
25
22
44
52
51
16
32
2
17
28
49
47
55
35
48
58
1
42
21
50
34
5
31
14
20
57
12
8
11
54
4
23
18
33
37
59
6
27
53
15
41
3
40
46
38
45
44
17
19
36
30
2
25
43
21
28
31
51
17
35
9
46
2
25
32
28
31
57
44
45
15
16
54
49
47
26
10
53
20
37
58
33
56
52
18
48
12
11
14
55
21
50
34
5
51
59
46
8
32
19
1
23
45
49
16
35
27
6
22
57
31
51
39
46
44
30
54
60
49
45
31
51
41
38
20
36
21
47
32
12
28
2
41
25
17
24
13
40
4
18
53
15
42
46
16
58
44
57
48
33
37
35
11
59
19
45
51
14
32
46
54
52
21
50
34
5
51
8
32
47
31
23
49
55
9
1
20
27
6
26
30
45
44
46
35
18
16
28
11
2
51
19
15
57
35
18
12
28
21
11
2
36
38
56
54
22
33
53
37
59
58
25
45
46
44
48
17
31
47
32
57
19
16
14
3
20
49
31
47
32
8
40
41
39
21
50
34
5
43
45
46
23
15
52
53
30
4
27
51
6
1
12
44
35
17
46
54
45
16
55
33
11
28
18
25
58
37
42
51
59
21
36
20
19
25
58
44
57
51
48
38
36
53
26
2
46
44
45
9
35
17
14
49
2
15
53
31
51
16
35
54
11
22
12
8
47
21
50
34
5
30
23
19
18
57
20
59
27
32
33
6
37
1
52
56
40
24
13
46
28
29
44
45
17
41
49
16
25
46
31
55
19
21
54
15
48
45
25
46
32
58
19
57
2
4
35
12
14
39
11
38
51
53
18
45
31
16
49
36
7
17
44
28
33
20
30
23
10
21
50
34
5
37
27
8
59
47
26
54
46
6
42
60
32
17
49
15
53
19
22
1
35
9
52
46
17
11
3
57
16
48
45
18
2
21
58
51
44
20
12
25
55
43
40
14
41
47
51
44
31
16
46
54
53
49
32
47
37
30
38
33
28
57
59
36
56
35
15
19
23
21
50
34
5
8
11
17
27
32
51
49
6
4
18
45
1
46
2
32
51
49
31
20
12
48
1
54
2
45
53
58
39
25
52
19
44
21
54
45
46
35
26
57
14
19
15
22
28
37
16
59
47
55
20
31
30
49
17
11
33
51
18
38
41
40
9
42
24
13
32
8
36
21
50
34
5
23
27
2
12
53
44
45
46
6
57
16
15
2
35
48
51
18
28
