2880
46
45
17
16
32
2
49
51
44
53
19
46
57
31
45
54
17
16
32
2
49
51
44
31
35
11
20
21
53
19
46
15
57
31
54
12
35
33
11
20
18
15
46
47
37
12
28
33
59
23
51
45
30
25
48
58
49
14
8
23
27
6
1
21
50
34
5
36
46
38
52
55
40
44
53
2
22
46
32
16
17
41
35
26
57
40
53
22
19
46
45
18
2
35
26
57
47
54
4
21
28
20
11
15
9
44
59
37
49
31
12
56
51
39
33
42
16
25
46
58
48
30
45
6
53
14
32
19
46
44
27
8
18
6
53
21
50
34
5
32
1
23
45
16
2
36
17
11
57
38
47
52
31
55
15
46
59
41
45
19
28
49
54
37
20
35
59
12
46
25
13
21
41
3
43
44
51
12
46
25
13
24
35
33
17
54
30
58
48
57
16
18
14
45
40
53
22
31
2
19
11
8
27
15
47
4
26
21
50
34
5
23
51
46
6
32
28
16
49
9
1
17
36
37
46
44
2
16
38
20
57
52
59
56
55
51
31
39
45
18
33
42
12
21
46
44
32
11
19
48
54
30
58
25
46
44
15
35
53
14
17
45
47
20
46
60
49
51
2
57
28
8
27
20
16
37
49
23
41
21
50
34
5
46
31
6
45
17
32
40
53
18
22
10
54
1
12
33
11
36
35
44
59
19
2
46
15
38
16
51
47
52
25
30
55
21
4
58
48
45
57
46
32
9
14
26
29
51
28
16
2
53
32
9
31
19
17
20
54
37
18
8
27
44
35
11
33
12
23
49
56
21
50
34
5
15
6
3
59
43
39
45
57
46
2
54
42
20
47
17
1
19
31
24
2
32
36
53
28
25
48
30
58
13
40
16
38
21
41
18
22
52
45
14
46
11
55
37
35
51
33
44
27
45
57
53
17
15
12
51
33
8
27
32
2
31
19
47
59
54
49
23
4
21
50
34
5
6
46
11
28
18
25
16
44
20
57
45
35
11
28
18
25
16
30
1
26
58
48
46
51
2
12
36
17
37
45
9
44
21
14
46
2
12
15
38
32
55
45
44
59
52
31
53
47
56
32
55
41
40
51
8
19
39
20
54
33
22
57
46
35
42
27
17
6
21
50
34
5
49
46
30
23
48
17
18
28
51
53
11
37
30
58
48
44
25
31
46
45
16
1
4
49
15
57
2
47
14
45
12
36
21
4
20
59
46
35
2
57
51
3
60
33
43
38
44
53
19
8
32
26
52
15
17
18
54
16
49
11
31
37
28
27
6
24
41
55
21
50
34
5
9
23
40
13
46
44
58
25
51
47
35
20
12
22
46
30
49
48
16
53
17
59
2
14
1
56
10
54
33
45
17
31
21
11
18
39
36
46
44
57
8
51
38
45
17
42
28
19
44
57
8
51
38
53
15
32
16
35
20
27
52
37
47
49
12
25
58
23
21
50
34
5
54
6
46
32
45
31
59
30
4
2
48
26
18
11
19
33
55
44
14
41
29
46
15
53
51
20
40
1
16
57
35
28
21
15
51
46
20
17
22
45
49
36
9
47
54
46
51
37
57
16
53
19
12
31
44
33
11
32
8
27
18
25
2
59
58
23
52
38
21
50
34
5
6
30
56
48
45
35
49
46
3
32
19
31
43
14
39
55
54
45
28
32
19
31
53
15
47
55
42
20
41
16
1
17
21
37
49
12
18
11
41
44
24
57
51
26
4
46
36
45
35
40
13
59
25
44
58
27
8
33
49
2
54
19
32
22
48
30
6
23
21
50
34
5
20
15
28
53
52
47
46
31
14
37
57
16
9
35
38
45
46
17
12
37
18
2
11
1
44
35
49
17
45
60
33
54
21
1
46
44
49
2
45
16
33
59
51
25
55
57
19
32
31
58
36
56
15
20
8
27
47
53
28
30
46
48
17
11
18
39
6
41
21
50
34
5
40
12
14
26
54
23
44
42
4
45
51
35
52
16
49
37
22
19
32
46
2
38
51
31
57
45
44
59
53
47
20
10
21
15
25
54
18
33
53
47
7
10
28
11
17
58
1
3
48
30
27
8
43
55
9
12
36
35
16
49
19
32
46
45
6
57
31
14
21
50
34
5
51
37
6
23
46
2
19
20
16
51
45
32
15
59
41
24
19
49
16
54
52
28
33
40
25
13
44
38
56
35
47
18
21
11
53
26
57
46
31
12
17
22
58
4
39
30
2
48
45
1
8
27
49
46
16
59
20
15
51
37
42
36
55
32
16
59
14
29
21
50
34
5
2
23
17
35
19
54
57
33
11
47
28
6
31
45
49
46
25
18
52
20
44
53
12
41
9
49
32
18
52
20
44
53
21
41
45
38
57
19
30
17
48
58
15
51
2
37
40
54
8
27
46
45
1
35
32
31
28
47
11
33
16
14
23
59
55
36
22
26
21
50
34
5
51
44
49
46
12
56
2
25
4
19
6
15
46
17
3
45
60
54
57
20
43
15
46
39
49
16
51
35
31
32
37
30
21
48
58
18
46
51
11
2
53
42
38
44
47
8
52
27
16
33
28
49
57
45
19
1
14
54
17
25
12
41
24
36
59
23
9
40
21
50
34
5
13
35
31
46
45
53
2
32
55
6
15
20
46
18
30
11
48
37
44
22
57
46
45
16
30
58
48
26
49
19
57
28
21
33
51
46
17
47
38
2
53
12
54
8
4
27
31
35
46
38
15
14
45
52
56
19
51
49
1
20
15
25
18
32
11
19
10
44
21
50
34
5
2
37
39
59
23
36
16
46
6
45
57
53
31
47
17
33
28
55
58
41
40
35
42
49
51
44
12
30
32
48
11
18
21
54
46
19
9
20
16
2
11
18
27
8
22
19
14
49
45
53
15
57
25
3
32
51
31
59
37
26
43
1
52
44
35
17
47
38
21
50
34
5
46
2
23
54
28
33
16
6
4
12
36
49
45
53
20
58
51
46
11
57
30
19
48
45
49
44
55
15
11
18
32
56
21
45
49
35
31
24
41
14
8
27
25
40
29
16
59
13
54
37
17
53
2
39
51
46
32
47
44
19
57
20
33
12
1
28
52
22
21
50
34
5
23
38
42
60
18
6
9
15
58
45
49
51
11
30
48
36
17
46
35
26
44
53
16
54
31
55
46
45
57
47
32
2
21
37
25
55
14
59
27
8
20
46
44
51
4
18
12
33
16
19
45
46
44
17
49
18
28
41
16
53
45
15
31
54
35
23
40
1
21
50
34
5
51
58
11
32
30
6
52
48
56
38
46
35
53
17
2
19
20
47
57
36
3
37
22
59
49
25
44
33
43
12
14
39
21
45
16
54
8
27
31
15
28
51
46
55
19
42
45
18
9
2
11
26
51
54
55
19
42
45
32
17
57
16
20
53
30
58
1
23
21
50
34
5
44
49
48
6
41
59
37
47
4
10
12
35
24
33
52
25
38
40
31
15
46
2
13
45
28
36
14
32
11
17
57
53
21
19
27
8
16
46
32
17
57
18
45
51
20
15
16
22
19
53
57
17
32
45
2
15
31
56
12
58
49
37
44
59
48
23
30
54
21
50
34
5
47
1
55
6
46
11
25
33
28
51
26
39
52
35
46
49
2
20
9
18
14
38
52
41
44
46
45
54
16
19
36
8
21
27
31
53
51
54
16
19
40
46
44
32
4
17
18
49
42
20
37
58
57
2
11
35
30
59
15
3
48
28
60
33
25
47
12
43
21
50
34
5
22
45
6
23
1
53
31
51
46
32
17
55
49
16
2
19
14
51
46
44
29
54
57
35
2
45
16
51
11
27
38
8
21
35
56
36
16
49
53
59
52
37
41
26
17
58
32
18
28
33
31
20
30
48
46
2
57
54
47
24
9
15
39
40
25
19
44
13
21
50
34
5
23
6
45
51
49
11
12
1
4
53
32
14
46
18
16
22
17
35
27
45
55
20
31
18
16
22
59
8
27
42
19
28
21
57
33
54
37
38
58
49
36
46
2
51
32
30
48
53
52
44
45
46
49
35
17
25
23
15
12
47
11
41
49
35
19
31
23
15
21
50
34
5
6
44
51
26
2
20
14
53
32
57
1
56
18
40
7
45
28
54
33
59
46
17
37
16
10
44
3
8
31
55
9
58
21
19
49
11
43
48
30
27
47
39
12
38
4
36
25
35
51
2
45
53
46
57
20
32
52
6
28
17
22
54
46
57
51
45
2
6
21
50
34
5
28
14
51
18
33
59
37
23
41
49
42
31
1
15
11
53
19
44
46
45
35
47
17
58
16
8
54
32
20
12
30
48
21
25
24
26
27
40
55
2
46
38
19
57
13
16
17
44
51
60
36
38
19
18
53
31
35
45
11
15
56
33
49
59
52
37
14
28
21
50
34
5
9
2
47
46
51
54
20
6
4
32
2
44
57
22
49
45
1
58
12
31
39
53
23
8
30
16
48
41
25
18
19
17
21
46
2
27
33
55
51
59
11
44
35
15
2
32
33
55
54
59
49
44
57
47
37
36
53
31
45
20
40
28
14
42
38
3
26
29
21
50
34
5
52
12
46
51
43
44
49
16
54
18
58
32
19
35
11
17
25
30
8
1
23
6
15
48
46
57
2
49
22
20
37
33
21
27
51
53
47
56
22
20
37
33
9
16
4
59
41
46
32
19
45
31
35
53
51
49
12
2
18
14
36
11
35
54
44
28
55
39
21
50
34
5
57
15
46
58
19
17
16
30
52
24
25
40
32
38
19
47
48
23
8
13
6
2
1
31
51
46
37
26
53
10
59
27
21
18
33
20
37
12
53
10
17
49
57
45
42
35
11
16
46
31
32
15
54
47
36
51
19
44
14
46
49
31
2
47
36
41
19
58
21
50
34
5
25
22
30
55
32
28
16
17
4
48
57
20
9
18
56
23
52
59
6
8
38
51
12
11
54
1
15
35
37
27
33
3
21
44
40
53
60
46
45
49
2
31
32
14
43
44
46
51
17
16
39
31
32
14
57
49
45
44
20
26
28
58
19
47
25
54
18
30
21
50
34
5
11
53
48
59
2
12
46
45
36
51
15
55
41
16
35
23
57
32
6
17
33
27
8
37
52
42
22
38
1
49
19
44
21
31
46
28
51
2
53
20
54
44
45
47
4
28
46
51
19
11
49
16
18
58
9
25
24
40
14
17
12
59
57
56
15
48
13
30
21
50
34
5
46
2
32
35
53
31
20
6
16
45
44
54
23
36
49
51
20
6
46
26
8
55
45
11
47
27
33
1
37
39
52
41
21
45
38
31
19
32
2
28
53
17
57
12
29
59
25
58
18
35
46
22
16
14
15
49
54
44
2
51
48
46
19
17
11
45
30
3
21
50
34
5
2
19
11
20
32
47
42
40
4
53
33
23
43
49
37
16
35
8
36
18
12
31
28
27
9
57
6
44
54
51
55
15
21
59
1
46
45
25
58
52
56
38
32
48
46
17
53
45
14
20
41
26
19
48
51
54
53
44
2
31
35
16
47
49
10
11
33
30
21
50
34
5
37
46
15
18
22
32
28
12
39
23
57
17
15
46
53
6
8
2
51
59
44
27
36
60
53
6
19
20
25
45
40
24
21
58
46
32
31
1
11
55
47
13
54
14
4
46
48
17
38
35
52
51
57
49
33
2
48
16
37
42
44
18
46
15
28
12
9
41
21
50
34
5
46
15
45
49
30
59
17
23
11
20
32
26
45
19
8
31
25
56
53
27
16
57
51
2
47
46
58
35
36
22
44
49
21
54
6
18
33
35
14
3
1
49
46
2
37
51
16
28
55
53
31
32
43
17
38
40
20
48
52
39
44
12
15
59
57
46
47
30
21
50
34
5
11
51
19
54
47
23
46
45
4
49
25
51
8
44
33
18
41
27
46
58
57
2
53
44
33
17
16
31
28
37
14
6
21
36
20
32
9
45
19
15
42
35
1
26
12
49
46
54
11
59
30
48
38
16
22
45
2
55
53
51
30
48
38
16
18
52
56
47
21
50
34
5
49
25
44
23
57
40
24
35
19
31
8
17
58
20
37
27
13
28
15
33
29
32
46
54
45
2
11
12
14
53
44
6
21
49
59
41
16
36
39
51
44
46
53
45
4
57
1
19
11
17
2
54
32
33
15
18
28
37
20
7
47
35
58
31
25
23
55
30
21
50
34
5
52
38
48
26
22
9
3
10
8
12
60
49
16
27
51
44
46
45
57
59
43
42
19
14
17
2
32
46
45
40
18
53
21
6
51
35
20
46
45
54
49
47
36
56
41
51
53
20
32
1
17
44
11
25
41
31
15
28
19
57
30
33
16
2
37
12
23
58
21
50
34
5
46
49
45
55
54
35
8
59
4
18
27
52
46
19
38
51
49
39
14
16
57
48
47
19
38
44
15
11
17
32
6
22
21
20
53
26
46
30
9
2
45
28
51
12
37
33
25
30
9
36
31
1
40
24
35
54
46
59
44
49
51
45
16
13
18
17
57
59
21
50
34
5
2
11
42
47
8
